iteration,beta,loss_a,loss_b,loss,L2-error,objective,objective-error,constraint-error,runtime
0,1.0,0.6155169,47.418083,24.324558,4.7295084,0.61820036,-0.6334472,6.654751,1.352546215057373
100,501.0,1.5137494,0.025897326,8.00103,0.065903224,1.5219083,-0.09760678,0.15486802,1.77813720703125
200,1001.0,1.7067549,2.4650622e-06,1.7079887,0.004664424,1.7068725,0.012065053,0.0014834366,2.039907455444336
300,1501.0,1.7071823,8.6706524e-07,1.707833,0.0043113474,1.7071855,0.012250662,0.0008552465,2.2831103801727295
400,2001.0,1.7072685,4.043877e-07,1.7076731,0.0046426984,1.7072709,0.012301207,0.0006360867,2.540195941925049
500,2501.0,1.7076402,2.1849694e-06,1.7103724,0.0047269207,1.7076529,0.012527823,0.00064588385,2.8591127395629883
600,3001.0,1.7081988,0.00011077847,1.8744218,0.0072693718,1.7080147,0.012742281,0.013570174,3.1592962741851807
700,3501.0,1.7078379,0.00014033527,1.9534948,0.006786996,1.707864,0.012652993,0.0034877383,3.443542003631592
800,4001.0,1.7078463,0.00013324205,1.974397,0.008159259,1.7083001,0.012911558,0.0056496644,3.7270712852478027
900,4501.0,1.7078708,6.0590532e-06,1.7215067,0.0050944234,1.7078962,0.012672067,0.00041097167,3.9800243377685547
1000,5001.0,0.17077614,1.1560069e-05,0.1996821,0.0069760345,1.7079544,0.012706518,0.0026444155,4.248192071914673
1100,5501.0,0.17084353,9.245807e-06,0.19627412,0.0027848203,1.7081555,0.012825727,0.006531844,4.5422282218933105
1200,6001.0,0.17083482,3.0333754e-06,0.17993647,0.0069053513,1.7084584,0.013005376,0.0020322565,4.800958633422852
1300,6501.0,0.17083819,1.5397745e-07,0.17133869,0.005280433,1.708396,0.012968302,9.490407e-05,5.052932262420654
1400,7001.0,0.17083767,0.00023062817,0.97815156,0.028980019,1.7070923,0.012195349,0.047744587,5.321005821228027
1500,7501.0,0.1708163,9.498804e-07,0.17437883,0.0058197128,1.7081109,0.012799382,0.0012064818,5.558236837387085
1600,8001.0,0.17081785,4.412241e-06,0.18846902,0.0072621075,1.708256,0.012885332,0.0012325831,5.811209678649902
1700,8501.0,0.17083175,5.3730837e-06,0.19367005,0.0076171136,1.7082744,0.012896299,0.0015360046,6.079763889312744
1800,9001.0,0.17081003,3.5542348e-07,0.17240961,0.0057560895,1.7080828,0.012782693,0.0008511564,6.348544120788574
1900,9501.0,0.17078578,9.904992e-06,0.21783945,0.00678452,1.7079275,0.012690544,0.0006989569,6.601770877838135
2000,10001.0,0.17080043,2.798192e-05,0.31072402,0.0033798958,1.7077203,0.012567759,0.00511085,6.855003118515015
2100,10001.0,0.17084296,2.3794485e-08,0.17096195,0.006363468,1.7084596,0.013006091,0.0002653016,7.0915515422821045
2200,10001.0,0.17083487,3.5002654e-07,0.17258517,0.0065260637,1.7083268,0.012927413,0.00011396807,7.344725847244263
2300,10001.0,0.17083526,1.9039817e-08,0.17093046,0.006355253,1.7083485,0.012940168,0.00024393378,7.628157377243042
2400,10001.0,0.17078593,2.4424091e-06,0.1829992,0.0051201256,1.7077488,0.012584567,0.0021882947,7.90775728225708
2500,10001.0,0.17078257,1.2001556e-07,0.17138271,0.0066351336,1.7078514,0.012645483,0.00024240604,8.160215377807617
2600,10001.0,0.17077123,4.403159e-08,0.1709914,0.0063919756,1.7077116,0.012562513,0.00018138264,8.413283586502075
2700,10001.0,0.17079262,9.016401e-06,0.21587914,0.0049431305,1.7077914,0.012609959,0.0025213177,8.65036416053772
2800,10001.0,0.17077604,3.9895953e-05,0.37027574,0.010507094,1.708111,0.012799382,0.005584387,8.902662992477417
2900,10001.0,0.17082246,1.0829993e-06,0.176238,0.006584035,1.708202,0.012853384,0.00064566673,9.170979022979736
3000,10001.0,0.17080572,8.347423e-06,0.212547,0.008475882,1.7082152,0.012861252,0.0025204187,9.454258918762207
3100,10001.0,0.17081517,1.8446376e-06,0.18003929,0.0062785787,1.7081208,0.012805223,0.0006738226,9.722120761871338
3200,10001.0,0.17082612,1.2079227e-10,0.17082673,0.0053749857,1.7082063,0.012855887,0.00227511,9.975163459777832
3300,10001.0,0.17079608,6.5649597e-09,0.17082891,0.006578155,1.7079457,0.012701392,0.00014833333,10.246708869934082
3400,10001.0,0.17070925,0.0005655174,2.998579,0.023548216,1.7084357,0.012991905,0.023035469,10.527063131332397
3500,10001.0,0.17076646,1.4462512e-07,0.17148966,0.0067414753,1.7077142,0.012564063,0.00013615789,10.795233488082886
3600,10001.0,0.17078693,8.317601e-08,0.17120285,0.006533312,1.7078787,0.0126616955,0.00031895025,11.07849407196045
3700,10001.0,0.17080452,5.6811365e-05,0.4548897,0.0026273646,1.7075199,0.012448907,0.010156556,11.361932516098022
3800,10001.0,0.170796,1.6225669e-06,0.17890966,0.0076543624,1.7080595,0.012768865,0.0013846835,11.629627704620361
3900,10001.0,0.17079929,9.23715e-07,0.17541832,0.0068711047,1.7079875,0.012726188,0.0002314003,11.89763355255127
4000,10001.0,0.17080387,7.275028e-07,0.17444175,0.0074329255,1.7080888,0.01278615,0.0010656548,12.18136191368103
4100,10001.0,0.17082176,3.9867617e-05,0.37017977,0.002887054,1.7078894,0.012668014,0.006662261,12.46454381942749
4200,10001.0,0.17081557,7.222688e-06,0.20693262,0.005686789,1.7080563,0.012766957,0.0013724935,12.732552289962769
4300,10001.0,0.17085953,0.00016531319,0.9975081,0.007870822,1.7075887,0.0124896765,0.02016441,13.01799988746643
4400,10001.0,0.1707882,8.066795e-06,0.21112621,0.005525367,1.7077847,0.0126059055,0.0024720733,13.301880836486816
4500,10001.0,0.17078009,3.1559996e-06,0.18656167,0.008108439,1.7078638,0.012652874,0.0015344279,13.585726261138916
4600,10001.0,0.17080086,9.969293e-07,0.175786,0.00659444,1.7079215,0.012687087,0.00080684805,13.869704008102417
4700,10001.0,0.17078339,1.0723195e-06,0.17614552,0.007601998,1.7078865,0.012666225,0.00066609494,14.137730121612549
4800,10001.0,0.17076074,2.3138105e-06,0.18233095,0.008886697,1.7078017,0.012616038,0.0028332584,14.42156171798706
4900,10001.0,0.17078283,8.176275e-06,0.2116683,0.008359036,1.7079608,0.012710333,0.0025546078,14.68946385383606
5000,10001.0,0.17077403,1.692686e-07,0.17162046,0.0061044004,1.7077208,0.012567997,0.00081819977,14.948442697525024
5100,10001.0,0.17077416,5.0025264e-06,0.19578929,0.008470398,1.7078813,0.012663245,0.002332316,15.1948823928833
5200,10001.0,0.17078774,3.238694e-05,0.33273864,0.004294487,1.7075493,0.012466311,0.004425265,15.463141441345215
5300,10001.0,0.1707875,1.3104658e-05,0.23631734,0.0061163497,1.7077485,0.012584448,0.0013927756,15.714941263198853
5400,10001.0,0.17078622,1.9411655e-06,0.18049301,0.0052762,1.7076951,0.012552857,0.0031907724,15.98299241065979
5500,10001.0,0.1707889,1.5989203e-08,0.17086886,0.006927553,1.7078586,0.012649655,2.5276868e-05,16.25072407722473
5600,10001.0,0.17079042,1.7953708e-08,0.1708802,0.00686709,1.7079173,0.012684584,9.454762e-05,16.534199714660645
5700,10001.0,0.17077284,6.3717616e-06,0.20263483,0.0055007935,1.7076341,0.012516618,0.002177254,16.801728010177612
5800,10001.0,0.17077315,1.7010609e-05,0.2558347,0.008587387,1.7078373,0.012637138,0.0015829288,17.08623242378235
5900,10001.0,0.17076175,6.008563e-07,0.17376633,0.0073954663,1.7076651,0.012534976,0.000344691,17.338788986206055
6000,10001.0,0.17076229,8.671729e-06,0.21412528,0.00968638,1.707833,0.012634635,0.003148379,17.606536149978638
6100,10001.0,0.17076983,5.764994e-07,0.1736526,0.0067867497,1.7077155,0.012564898,0.00089942245,17.862308740615845
6200,10001.0,0.1707878,1.9005952e-06,0.18029173,0.008567198,1.7079973,0.012732029,0.0016506853,18.114422082901
6300,10001.0,0.17079143,3.091762e-07,0.17233747,0.008404424,1.707938,0.012696743,0.0013724524,18.382508754730225
6400,10001.0,0.17076245,1.0324967e-06,0.17592545,0.0066254013,1.707511,0.0124435425,0.0009564562,18.68249487876892
6500,10001.0,0.17079234,3.631845e-08,0.17097396,0.007655796,1.7079283,0.012691021,0.00049915444,18.95133662223816
6600,10001.0,0.17074254,7.2442276e-07,0.17436501,0.0067724423,1.7074006,0.012378097,0.00071331655,19.235105991363525
6700,10001.0,0.1707121,9.898995e-06,0.22021203,0.010619785,1.7073458,0.012345672,0.004421048,19.503337860107422
6800,10001.0,0.17075841,2.2178136e-05,0.28166017,0.0106444955,1.7080147,0.012742281,0.004687987,19.755754232406616
6900,10001.0,0.17076614,6.2974063e-06,0.20225632,0.009743452,1.7078518,0.012645721,0.003264764,19.99178719520569
7000,10001.0,0.1707776,5.6102692e-08,0.17105815,0.008053865,1.7077818,0.012604237,0.00048358322,20.276029348373413
7100,10001.0,0.17079537,6.8824943e-07,0.17423695,0.006942581,1.7078853,0.01266551,0.0010977979,20.54375910758972
7200,10001.0,0.17077394,2.5813217e-06,0.18368183,0.009019257,1.7079556,0.012707233,0.0015517959,20.79693865776062
7300,10001.0,0.17081349,5.583871e-08,0.1710927,0.007750463,1.7081113,0.012799621,0.00020525332,21.051534414291382
7400,10001.0,0.1707763,3.3617e-07,0.17245731,0.0086280685,1.7078794,0.012662053,0.001826455,21.302918434143066
7500,10001.0,0.17077124,1.3786731e-05,0.23971179,0.010179999,1.7079223,0.012687564,0.0041615968,21.586973667144775
7600,10001.0,0.17079075,5.4228117e-06,0.19790752,0.0061128056,1.7077777,0.012601733,0.0018894463,21.854569673538208
7700,10001.0,0.170749,2.8752002e-06,0.18512644,0.00822245,1.7076259,0.01251173,0.0013138746,22.13813829421997
7800,10001.0,0.17075245,5.24376e-07,0.1733746,0.0062761544,1.7074317,0.012396574,0.0013851671,22.406160831451416
7900,10001.0,0.17074056,2.8443362e-06,0.18496366,0.008764016,1.7074885,0.01243031,0.001934319,22.690407276153564
8000,10001.0,0.17078991,4.4852546e-05,0.39507508,0.0031400768,1.707419,0.012389064,0.007245971,22.97485065460205
8100,10001.0,0.1707707,6.750488e-07,0.17414628,0.0074643437,1.7076753,0.012541056,4.2029347e-05,23.251956939697266
8200,10001.0,0.1707732,5.5354694e-09,0.17080088,0.008062128,1.7077386,0.012578607,0.00072328903,23.52562189102173
8300,10001.0,0.17076536,5.557308e-08,0.17104325,0.007440564,1.7076236,0.012510419,9.321191e-05,23.793818473815918
8400,10001.0,0.17077701,8.1505725e-08,0.17118458,0.0076204096,1.7077905,0.012609363,0.00022099499,24.077303647994995
8500,10001.0,0.17077352,5.065411e-07,0.17330648,0.0077337557,1.7076933,0.0125517845,0.000315285,24.361974000930786
8600,10001.0,0.17075971,1.8253839e-07,0.1716725,0.007959545,1.7076509,0.012526631,0.00061217276,24.614975214004517
8700,10001.0,0.1707394,2.2878567e-08,0.17085381,0.0073007164,1.7073736,0.012362123,0.00042577184,24.883744955062866
8800,10001.0,0.1707603,1.3847878e-06,0.17768493,0.00841775,1.7076632,0.012533903,0.0013937089,25.13567018508911
8900,10001.0,0.17075339,3.5353065e-07,0.17252122,0.008580774,1.7076398,0.012519956,0.0010924992,25.37310266494751
9000,10001.0,0.17074631,2.976458e-08,0.17089514,0.007903153,1.7074627,0.012414932,0.00013975905,25.656485557556152
9100,10001.0,0.17074546,1.1598785e-08,0.17080346,0.008107568,1.7074878,0.012429833,0.0005080516,25.92371702194214
9200,10001.0,0.17075235,8.2975475e-08,0.17116727,0.0075109964,1.7074869,0.012429357,0.000489539,26.20775842666626
9300,10001.0,0.17073853,1.9273385e-08,0.17083491,0.007854688,1.7073833,0.012367845,0.00012080178,26.460613489151
9400,10001.0,0.17074649,1.13473675e-08,0.17080323,0.0077812527,1.7074578,0.012412071,5.6380322e-05,26.71383261680603
9500,10001.0,0.170766,3.656217e-06,0.18904892,0.008228956,1.7077194,0.012567282,0.00063703477,26.96637225151062
9600,10001.0,0.17075793,4.6903647e-06,0.19421211,0.009835159,1.707751,0.012585998,0.0028926847,27.234129428863525
9700,10001.0,0.17076066,3.4246852e-08,0.1709319,0.008043457,1.7076944,0.012552381,0.00047959632,27.4879207611084
9800,10001.0,0.17075042,1.5827436e-07,0.17154187,0.007692735,1.707515,0.012446046,0.00017929029,27.740920066833496
9900,10001.0,0.17076905,4.4536732e-06,0.19303964,0.007905699,1.7076647,0.012534738,0.00031352832,27.99365258216858
10000,10001.0,0.17075734,4.239925e-06,0.19195908,0.0055728853,1.7073797,0.012365818,0.003525886,28.246081590652466
10100,10001.0,0.17076343,1.4903208e-08,0.17083795,0.008056078,1.7075732,0.012480497,0.00032180818,28.51403260231018
10200,10001.0,0.1707719,6.4320025e-09,0.17080405,0.0071740234,1.7076842,0.012546301,0.001225294,28.797034740447998
10300,10001.0,0.17076921,1.5783336e-06,0.17866167,0.007289666,1.7075653,0.012475848,0.00088783185,29.08116865158081
10400,10001.0,0.1707745,2.5955754e-07,0.17207243,0.007533862,1.707633,0.012516022,0.00043394128,29.334242343902588
10500,10001.0,0.17078839,1.492252e-06,0.1782504,0.0070638782,1.7077031,0.012557507,0.0011869847,29.586836576461792
10600,10001.0,0.17075966,1.4885244e-08,0.1708341,0.007850115,1.7075626,0.012474179,0.00013644148,29.854610919952393
10700,10001.0,0.1707533,2.3424943e-06,0.18246694,0.008897083,1.7076286,0.012513399,0.0016530704,30.13824701309204
10800,10001.0,0.17074588,5.602934e-06,0.19876336,0.009001565,1.7075361,0.012458563,0.0017605526,30.390222311019897
10900,10001.0,0.17076294,2.4651097e-06,0.18308972,0.0072722905,1.7076414,0.012520909,0.0008934549,30.657558917999268
11000,10001.0,0.17076106,5.953126e-08,0.17105874,0.008555854,1.7076375,0.012518644,0.0005311547,30.941159963607788
11100,10001.0,0.17075348,2.3440452e-06,0.18247488,0.009256813,1.7076467,0.012524128,0.001700569,31.225899934768677
11200,10001.0,0.17073882,1.636986e-05,0.25259632,0.009388316,1.7076207,0.01250875,0.0023530936,31.49426794052124
11300,10001.0,0.17077024,1.1194537e-07,0.17133002,0.0078980485,1.7076995,0.01255548,0.0001282313,31.777733087539673
11400,10001.0,0.17076634,5.314549e-07,0.17342389,0.008064443,1.70777,0.012597203,0.00041676767,32.03042531013489
11500,10001.0,0.17076902,1.6277346e-07,0.17158297,0.0077789873,1.7076938,0.012552023,5.6804198e-05,32.28308606147766
11600,10001.0,0.17077266,2.2434731e-08,0.17088485,0.0075272974,1.7077134,0.012563586,0.00024657286,32.55461406707764
11700,10001.0,0.1707788,1.8729052e-08,0.17087245,0.007832857,1.7078085,0.012619972,0.00014252008,32.836726903915405
11800,10001.0,0.17078246,1.0358292e-08,0.17083426,0.0077139116,1.7078089,0.012620211,7.805141e-05,33.10510277748108
11900,10001.0,0.17074497,3.414266e-08,0.17091571,0.007966905,1.7073748,0.012362838,0.00020598316,33.35795855522156
12000,10001.0,0.17075954,3.1084994e-08,0.17091498,0.0077296915,1.7076037,0.012498617,0.00016259098,33.6408429145813
12100,10001.0,0.17076242,9.728364e-08,0.17124888,0.0076044826,1.7076395,0.012519836,0.00025292032,33.90851807594299
12200,10001.0,0.17076652,8.101103e-08,0.17117162,0.0077089155,1.7076452,0.012523174,0.00017953472,34.19238781929016
12300,10001.0,0.1707651,5.5293867e-08,0.1710416,0.007813732,1.707658,0.012530804,0.000109619665,34.47721838951111
12400,10001.0,0.17075852,1.7288858e-07,0.17162305,0.007951347,1.7076116,0.012503266,8.3173574e-05,34.74561929702759
12500,10001.0,0.17075941,6.790037e-07,0.17415477,0.007823801,1.7075869,0.012488604,0.0002221781,35.02924394607544
12600,10001.0,0.17076597,6.837802e-07,0.17418522,0.007520515,1.7076089,0.012501717,0.0006946927,35.312644958496094
12700,10001.0,0.1707524,1.6176104e-08,0.17083329,0.0076339534,1.7075454,0.0124640465,0.00036940578,35.59649968147278
12800,10001.0,0.1707518,2.2771341e-07,0.17189048,0.008057188,1.7075123,0.012444377,0.00026431147,35.88028883934021
12900,10001.0,0.17076872,5.737288e-06,0.19945803,0.006766107,1.7076365,0.012518048,0.0015522954,36.163756370544434
13000,10001.0,0.17078368,7.03767e-08,0.1711356,0.007456848,1.7076843,0.01254642,0.0003624116,36.4472599029541
13100,10001.0,0.17074904,3.4492587e-10,0.17075077,0.007856419,1.7074951,0.012434244,1.9550322e-05,36.70007133483887
13200,10001.0,0.17075372,2.7963708e-07,0.17215204,0.008153585,1.7075527,0.012468338,0.0003713999,36.95266938209534
13300,10001.0,0.17074215,9.28565e-08,0.17120649,0.007745735,1.7073675,0.012358546,0.0005902936,37.2220573425293
13400,10001.0,0.17075859,7.4460904e-09,0.17079583,0.008376748,1.7075396,0.012460589,0.0006083489,37.50535035133362
13500,10001.0,0.1707686,1.834084e-06,0.17993994,0.008670242,1.707691,0.012550354,0.0011267945,37.774638652801514
13600,10001.0,0.17075436,1.4642366e-07,0.17148656,0.007827131,1.7075692,0.012478113,0.00012041719,38.05828499794006
13700,10001.0,0.17076154,1.2121433e-07,0.17136768,0.00801321,1.7076546,0.012528777,0.00020706924,38.3101851940155
13800,10001.0,0.17074959,2.7165083e-07,0.17210798,0.007802037,1.7075531,0.012468576,9.286702e-05,38.55550265312195
13900,10001.0,0.17073952,8.892789e-07,0.17518635,0.008274103,1.7075307,0.012455344,0.0003778077,38.79959845542908
14000,10001.0,0.17075008,1.0325954e-07,0.17126644,0.007661068,1.7074717,0.012420297,0.0005446357,39.05593276023865
14100,10001.0,0.17076991,1.36119525e-08,0.17083798,0.0076845577,1.7075979,0.01249516,0.00030576985,39.321558475494385
14200,10001.0,0.17075883,1.2628333e-09,0.17076515,0.007913975,1.7075781,0.012483358,3.227469e-05,39.58941316604614
14300,10001.0,0.17075975,5.1633316e-07,0.17334168,0.008335289,1.7076876,0.012548327,0.00048683042,39.84182906150818
14400,10001.0,0.17075023,1.7772957e-06,0.1796376,0.006958158,1.7074267,0.012393594,0.001485293,40.094011068344116
14500,10001.0,0.17076324,1.088928e-06,0.17620842,0.008053272,1.7076181,0.0125072,0.00019264236,40.361584186553955
14600,10001.0,0.1708039,6.386927e-09,0.17083584,0.007872347,1.7079804,0.012721896,0.00019445676,40.62942147254944
14700,10001.0,0.17080055,2.7097995e-08,0.17093605,0.008330948,1.7080303,0.012751579,0.0003495239,40.897234201431274
14800,10001.0,0.1707847,4.130288e-08,0.17099123,0.008013332,1.7078854,0.012665629,0.00016865903,41.15680384635925
14900,10001.0,0.17079145,1.2633366e-07,0.17142318,0.007937907,1.7079182,0.0126850605,0.00016691003,41.40330123901367
15000,10001.0,0.17080295,9.168843e-08,0.17126144,0.008067452,1.7080168,0.012743473,0.00018922807,41.65755748748779
15100,10001.0,0.17074347,4.2400734e-07,0.1728637,0.008330169,1.7075558,0.012470126,0.0006543354,41.9395546913147
15200,10001.0,0.17078596,8.892545e-08,0.17123063,0.007825311,1.707852,0.012645841,9.297621e-05,42.222885608673096
15300,10001.0,0.1707606,2.7666827e-09,0.17077443,0.007553987,1.7076011,0.012497067,5.9514932e-05,42.490591049194336
15400,10001.0,0.17077987,1.5643877e-09,0.17078769,0.0069430755,1.707773,0.012598991,0.0011386349,42.774789333343506
15500,10001.0,0.17076455,7.413576e-09,0.17080162,0.0076631773,1.7076492,0.0125255585,0.00022672652,43.05874967575073
15600,10001.0,0.170769,1.6373235e-08,0.17085087,0.007978095,1.7076898,0.012549639,0.00010677001,43.342007637023926
15700,10001.0,0.17076813,4.791673e-09,0.17079209,0.007769633,1.7076583,0.012530923,0.00023599839,43.62529516220093
15800,10001.0,0.17076303,5.641709e-10,0.17076585,0.007900748,1.7076268,0.012512326,2.4547851e-05,43.908634662628174
15900,10001.0,0.17076042,2.6889777e-09,0.17077386,0.007918198,1.707604,0.012498856,1.5510039e-05,44.176854848861694
16000,10001.0,0.17076463,1.909211e-06,0.18031164,0.0066435523,1.7075305,0.012455225,0.001538296,44.42944812774658
16100,10001.0,0.17077217,3.9335646e-10,0.17077413,0.007167022,1.7077258,0.012570977,0.0010347373,44.697824478149414
16200,10001.0,0.1707532,4.690383e-07,0.17309862,0.008786213,1.7076678,0.012536645,0.0012882006,44.96540117263794
16300,10001.0,0.170759,1.5373007e-07,0.17152773,0.008189541,1.7076335,0.01251626,0.00053781754,45.24873352050781
16400,10001.0,0.17075816,6.73217e-07,0.17412458,0.008034524,1.7076045,0.012499094,0.00021866662,45.532119035720825
16500,10001.0,0.17076714,1.489481e-06,0.1782153,0.008593604,1.7077546,0.012588024,0.0007749638,45.815853118896484
16600,10001.0,0.17074215,4.8939516e-08,0.17098688,0.008473181,1.7073904,0.012372136,0.00070261874,46.08339071273804
16700,10001.0,0.17077069,4.5795105e-08,0.17099969,0.007841346,1.707734,0.012575865,7.314945e-05,46.35186696052551
16800,10001.0,0.17076504,5.9380906e-08,0.17106198,0.008021703,1.70763,0.012514234,0.00030131024,46.62078833580017
16900,10001.0,0.17075913,2.1820428e-08,0.17086823,0.007797187,1.7075616,0.012473583,0.00016232085,46.90455508232117
17000,10001.0,0.1707581,3.83211e-08,0.17094973,0.008150445,1.7075626,0.012474179,0.00056175084,47.18823957443237
17100,10001.0,0.17075433,4.339674e-06,0.19245487,0.008965451,1.707671,0.012538552,0.0017642619,47.47228980064392
17200,10001.0,0.17080788,1.3510273e-06,0.1775637,0.008262603,1.7080836,0.01278317,0.0007564449,47.72457575798035
17300,10001.0,0.17079347,3.1908826e-07,0.17238908,0.008097697,1.7079506,0.012704253,0.0006398009,47.98117733001709
17400,10001.0,0.17078944,6.058479e-07,0.17381898,0.008348018,1.7079217,0.012687206,0.0009968422,48.26032114028931
17500,10001.0,0.17077869,3.6529514e-07,0.17260535,0.0072221183,1.707746,0.012583017,0.00068294036,48.502005100250244
17600,10001.0,0.1707607,1.4849935e-05,0.2450178,0.00911864,1.7077425,0.012580872,0.0018213764,48.76041340827942
17700,10001.0,0.17078672,3.790568e-07,0.1726822,0.008276925,1.7078714,0.012657404,0.00079615647,49.03811717033386
17800,10001.0,0.17077994,6.3007747e-07,0.17393064,0.008017536,1.7077911,0.01260972,0.00052893296,49.27554225921631
17900,10001.0,0.17076345,5.38148e-08,0.17103255,0.0078884,1.7076347,0.012516975,0.00023343114,49.52808856964111
18000,10001.0,0.17077838,9.0619534e-07,0.1753098,0.007617227,1.707707,0.012559891,0.00037260025,49.81229615211487
18100,10001.0,0.17076413,3.4424372e-07,0.17248553,0.007945408,1.7076275,0.012512684,0.00026000623,50.09570002555847
18200,10001.0,0.17077158,5.4666293e-07,0.17350517,0.0080160685,1.7077315,0.012574315,0.00034823513,50.36387252807617
18300,10001.0,0.1707718,2.9377425e-06,0.18546198,0.0057396796,1.7075902,0.01249063,0.0034896636,50.64700508117676
18400,10001.0,0.17077745,2.4472433e-07,0.1720012,0.007854727,1.7077637,0.012593508,5.9964525e-05,50.8839168548584
18500,10001.0,0.17078024,8.461143e-10,0.17078447,0.007745266,1.7077988,0.01261425,8.9088506e-05,51.151832580566406
18600,10001.0,0.17078353,9.716246e-10,0.17078839,0.007924868,1.70783,0.012632728,0.000108449,51.43535542488098
18700,10001.0,0.17078017,1.1441443e-09,0.17078589,0.007857703,1.707804,0.01261735,2.6086958e-05,51.7033908367157
18800,10001.0,0.17077877,5.8066694e-09,0.17080781,0.0077778953,1.7077941,0.012611508,4.2374162e-05,51.95572280883789
18900,10001.0,0.17076616,1.3229168e-09,0.17077278,0.0072876844,1.7076405,0.0125204325,0.0007045172,52.20877122879028
19000,10001.0,0.17078659,7.0613733e-09,0.1708219,0.0076598283,1.7078626,0.012652159,0.00017800354,52.46223711967468
19100,10001.0,0.17078765,2.0345394e-09,0.17079782,0.0077150506,1.7078582,0.012649536,7.805141e-05,52.71442914009094
19200,10001.0,0.17079845,6.681435e-06,0.20420897,0.008971104,1.7080244,0.012748003,0.0015111383,52.96673393249512
19300,10001.0,0.17079015,1.2185525e-09,0.17079625,0.0077981064,1.7079052,0.012677312,3.7866546e-05,53.21882486343384
19400,10001.0,0.1707909,2.9223202e-10,0.17079236,0.007850529,1.7079079,0.012678981,2.2422757e-05,53.50316905975342
19500,10001.0,0.17079492,1.3938006e-10,0.17079562,0.007865288,1.707949,0.012703419,1.2138292e-05,53.77076721191406
19600,10001.0,0.17079064,4.060269e-09,0.17081095,0.007794079,1.7078912,0.012669086,8.661652e-05,54.023783922195435
19700,10001.0,0.17079124,2.3810403e-08,0.1709103,0.0079954555,1.7079359,0.012695551,0.00020133711,54.277506828308105
19800,10001.0,0.1707912,1.04747926e-07,0.17131498,0.0076956186,1.7079064,0.012678027,0.000120401375,54.561023235321045
19900,10001.0,0.1707896,4.1320614e-08,0.17099622,0.0076488955,1.707911,0.012680769,0.00017528031,54.84434914588928
20000,10001.0,0.17079274,7.899529e-08,0.17118776,0.0076286453,1.7079059,0.012677789,0.00020816385,55.1278440952301
20100,10001.0,0.17079866,3.8112375e-09,0.17081772,0.008032224,1.7080097,0.012739301,0.0002859898,55.39481234550476
20200,10001.0,0.17079327,9.85858e-08,0.17128624,0.0078822095,1.7079309,0.012692571,0.00010312588,55.6788272857666
20300,10001.0,0.17078881,1.8719179e-07,0.17172486,0.008126392,1.7079471,0.012702227,0.00033222412,55.94696116447449
20400,10001.0,0.170797,4.540311e-08,0.17102404,0.008086286,1.707976,0.012719393,0.0002707059,56.23028898239136
20500,10001.0,0.17079681,7.682137e-08,0.17118096,0.008111893,1.7079891,0.012727141,0.00032403917,56.49925708770752
20600,10001.0,0.17079361,3.4408458e-09,0.17081082,0.0080111,1.7079412,0.01269865,0.00015130472,56.78246784210205
20700,10001.0,0.17079723,3.944592e-08,0.17099448,0.0082031125,1.7080019,0.012734652,0.00043486065,57.06581783294678
20800,10001.0,0.17079778,2.4903102e-08,0.17092231,0.007868842,1.7079972,0.01273191,2.4750787e-05,57.349644899368286
20900,10001.0,0.17079763,2.2852191e-08,0.17091191,0.007882971,1.7079774,0.012720227,3.541218e-05,57.63420605659485
21000,10001.0,0.17078477,5.193888e-07,0.17338197,0.0080558555,1.70786,0.012650609,0.00024327342,57.90460681915283
21100,10001.0,0.1707516,3.517871e-06,0.18834272,0.009094825,1.7076639,0.012534261,0.0015102314,58.16464161872864
21200,10001.0,0.17079277,2.705636e-07,0.17214572,0.007766767,1.7078878,0.01266706,0.00011387351,58.425373554229736
21300,10001.0,0.17078713,3.3087474e-06,0.18733251,0.007808453,1.7078905,0.01266861,9.040592e-05,58.69329786300659
21400,10001.0,0.17079127,5.749655e-09,0.17082001,0.007848071,1.7079242,0.012688637,4.6369198e-05,58.9461133480072
21500,10001.0,0.17079474,2.0197888e-08,0.17089574,0.007938752,1.7079439,0.012700319,7.649633e-05,59.199767112731934
21600,10001.0,0.17077652,5.5415512e-08,0.17105362,0.008382334,1.7077742,0.012599707,0.00060608477,59.467418909072876
21700,10001.0,0.17079197,1.2391865e-08,0.17085393,0.007994988,1.7079228,0.012687802,0.000113276925,59.719616413116455
21800,10001.0,0.17079222,1.2079227e-10,0.17079283,0.007976734,1.7079163,0.012683868,9.674419e-05,59.97221612930298
21900,10001.0,0.170793,2.0236256e-10,0.17079401,0.007854129,1.7079281,0.012690902,3.175893e-05,60.24113917350769
22000,10001.0,0.17079143,8.3451823e-10,0.1707956,0.0079653105,1.7079073,0.012678623,9.136503e-05,60.50992774963379
22100,10001.0,0.17078577,6.227977e-07,0.17390007,0.008804512,1.7078726,0.012658,0.0011920076,60.77772545814514
22200,10001.0,0.17078942,2.236675e-09,0.17080061,0.007950774,1.7079045,0.012676954,5.458692e-05,61.06470799446106
22300,10001.0,0.17078827,8.815661e-07,0.17519654,0.008298056,1.707907,0.012678385,0.00046572473,61.31498837471008
22400,10001.0,0.17077623,7.012318e-08,0.17112689,0.0081704,1.7078164,0.012624741,0.0003332591,61.598732471466064
22500,10001.0,0.17078386,2.6368125e-08,0.17091572,0.007891316,1.7078532,0.012646556,9.454762e-05,61.88398194313049
22600,10001.0,0.17077978,1.3926637e-09,0.17078674,0.007950844,1.7077786,0.012602329,9.422693e-05,62.1655170917511
22700,10001.0,0.17077813,3.0434535e-09,0.17079334,0.007896373,1.7077643,0.012593746,0.00014644278,62.45201563835144
22800,10001.0,0.17077835,7.064688e-08,0.17113163,0.008130044,1.707795,0.012611985,0.00023628485,62.736374616622925
22900,10001.0,0.17078358,1.2060469e-09,0.17078961,0.007711199,1.7078581,0.012649417,0.00045942987,63.00419998168945
23000,10001.0,0.170784,6.55719e-08,0.17111188,0.007562927,1.7078252,0.012629867,0.0005815322,63.28777456283569
23100,10001.0,0.17079793,5.9465356e-07,0.1737715,0.0073411427,1.7078828,0.01266408,0.0009496571,63.566367387771606
23200,10001.0,0.17078526,1.441843e-07,0.17150626,0.008232884,1.7078433,0.012640715,0.00034366598,63.823479413986206
23300,10001.0,0.17076766,1.07428434e-07,0.17130487,0.0076163695,1.7077049,0.012558579,0.00042426234,64.10749840736389
23400,10001.0,0.17077723,2.2235417e-07,0.17188911,0.008562923,1.7077856,0.012606502,0.00069787464,64.39087057113647
23500,10001.0,0.17078283,3.8701273e-09,0.17080219,0.008040521,1.7078197,0.012626648,4.7555393e-05,64.67500758171082
23600,10001.0,0.17078578,5.2136784e-10,0.17078839,0.00801247,1.7078589,0.012649894,4.727426e-05,64.92725229263306
23700,10001.0,0.170785,8.6566837e-10,0.17078932,0.007991189,1.7078527,0.012646198,6.574476e-05,65.18000268936157
23800,10001.0,0.17078649,1.5171508e-10,0.17078725,0.008032046,1.7078618,0.012651563,3.5430636e-05,65.43179106712341
23900,10001.0,0.17078584,9.281393e-10,0.17079048,0.008095652,1.7078606,0.012650967,2.1977226e-05,65.6998655796051
24000,10001.0,0.17078723,1.0009559e-09,0.17079224,0.008085925,1.7078743,0.012659073,1.3505944e-05,65.98479413986206
24100,10001.0,0.17078847,1.4733813e-10,0.1707892,0.008094981,1.7078847,0.012665153,1.2516408e-05,66.2690372467041
24200,10001.0,0.17078933,1.7013235e-10,0.17079018,0.0081146145,1.7078934,0.012670398,1.3069601e-05,66.55234289169312
24300,10001.0,0.17078646,1.3645263e-09,0.17079328,0.007977062,1.7078617,0.012651563,0.00016230755,66.8200855255127
24400,10001.0,0.17078803,5.611582e-10,0.17079084,0.008172103,1.7078792,0.012661934,3.1236472e-05,67.10441827774048
24500,10001.0,0.17078355,6.8575905e-09,0.17081784,0.008109293,1.7078348,0.012635589,8.392639e-05,67.38792037963867
24600,10001.0,0.17078553,8.033112e-10,0.17078955,0.008166039,1.7078568,0.012648702,1.3328004e-05,67.67139959335327
24700,10001.0,0.17078705,3.1948336e-08,0.1709468,0.008143395,1.7078764,0.012660265,5.91355e-05,67.95479154586792
24800,10001.0,0.17077486,4.7864575e-07,0.17316833,0.007623433,1.7076858,0.012547255,0.0005896627,68.23827576637268
24900,10001.0,0.17077175,1.3835688e-09,0.17077866,0.008048547,1.7077057,0.012559056,2.3037948e-05,68.52210402488708
25000,10001.0,0.17077076,7.221388e-10,0.17077437,0.008115942,1.7076983,0.012554765,5.1824652e-05,68.79072403907776
25100,10001.0,0.17077073,2.5411848e-09,0.17078345,0.008069551,1.7077092,0.012561202,1.3654538e-05,69.07537341117859
25200,10001.0,0.17077328,1.1285123e-09,0.17077893,0.008030607,1.7077284,0.012572527,3.4550954e-05,69.32788038253784
25300,10001.0,0.17077355,1.0027179e-10,0.17077406,0.008109544,1.707736,0.012577057,2.4337387e-05,69.58032536506653
25400,10001.0,0.17077261,3.1695888e-10,0.17077419,0.008110378,1.7077255,0.012570858,2.3012026e-05,69.83236122131348
25500,10001.0,0.17077462,1.6362948e-08,0.17085645,0.00784842,1.7077577,0.0125899315,0.00021097243,70.11546564102173
25600,10001.0,0.1707683,8.0561506e-08,0.17117116,0.007940349,1.7077364,0.012577295,0.00014299074,70.38333344459534
25700,10001.0,0.17078356,5.452648e-09,0.17081083,0.00817204,1.7078521,0.012645841,0.0001839164,70.65191388130188
25800,10001.0,0.17078093,2.873685e-08,0.17092462,0.008039906,1.7077848,0.0126059055,8.382066e-05,70.90452408790588
25900,10001.0,0.17077819,9.283269e-09,0.1708246,0.00800596,1.7078018,0.012616038,2.325284e-05,71.18976640701294
26000,10001.0,0.1707768,1.670014e-07,0.17161189,0.008047151,1.7077576,0.012589812,9.27531e-05,71.48932480812073
26100,10001.0,0.17077805,6.025402e-10,0.17078106,0.007921039,1.7077756,0.012600541,0.00010443849,71.77322030067444
26200,10001.0,0.17077647,4.311573e-10,0.17077863,0.007983119,1.7077657,0.0125947,1.8126084e-05,72.04141616821289
26300,10001.0,0.1707786,5.0226845e-10,0.17078112,0.008007003,1.7077885,0.0126081705,1.5266238e-05,72.325439453125
26400,10001.0,0.17077987,1.9036861e-10,0.17078082,0.007996003,1.7077982,0.012613893,1.7174414e-05,72.59359097480774
26500,10001.0,0.17077963,4.147074e-07,0.17285338,0.007615759,1.7077706,0.012597561,0.0006010694,72.88069009780884
26600,10001.0,0.17077476,2.188461e-06,0.18171816,0.007021993,1.7076957,0.012553215,0.00201144,73.14874744415283
26700,10001.0,0.17076905,1.2769395e-07,0.17140758,0.008099249,1.7076784,0.012542963,0.0003073515,73.41720366477966
26800,10001.0,0.17076522,7.339386e-07,0.17443529,0.0076660793,1.7076283,0.012513161,0.0005883359,73.67061734199524
26900,10001.0,0.17077301,5.5262944e-08,0.17104936,0.008148753,1.707704,0.012557983,0.00032237367,73.9229519367218
27000,10001.0,0.17076917,1.3362363e-06,0.17745101,0.007909536,1.7076501,0.012526035,0.00016591277,74.19102382659912
27100,10001.0,0.17076677,3.197977e-07,0.17236592,0.008074083,1.7076507,0.012526393,0.00043731686,74.44431710243225
27200,10001.0,0.17076267,4.5105952e-07,0.1730182,0.008403117,1.7076448,0.012522936,0.0008086537,74.69701552391052
27300,10001.0,0.17076728,4.012196e-08,0.1709679,0.007894587,1.7076681,0.012536764,0.00013774735,74.94954872131348
27400,10001.0,0.1707672,8.974029e-08,0.17121595,0.008043724,1.707673,0.012539625,0.0003506141,75.20262861251831
27500,10001.0,0.17078269,8.104081e-08,0.17118794,0.008499465,1.7078068,0.012619019,0.00092604675,75.45455932617188
27600,10001.0,0.17076597,6.75468e-08,0.17110373,0.007668027,1.7076544,0.012528658,0.0004640824,75.70803594589233
27700,10001.0,0.17076978,2.154161e-08,0.1708775,0.008206608,1.7077006,0.012556076,0.00054615026,75.97128510475159
27800,10001.0,0.17076592,1.6385394e-07,0.17158528,0.007986923,1.7076559,0.012529492,9.619621e-05,76.21354699134827
27900,10001.0,0.17076296,1.864799e-07,0.17169546,0.007942597,1.707622,0.012509465,0.00010376331,76.48156547546387
28000,10001.0,0.17076465,3.580982e-08,0.17094372,0.0077720485,1.7076465,0.012524009,0.0003308748,76.74934220314026
28100,10001.0,0.17076518,1.8925732e-08,0.17085981,0.008062982,1.707645,0.012523174,0.00021992082,77.00299024581909
28200,10001.0,0.17076635,5.3717994e-08,0.17103498,0.008249663,1.7076904,0.012549996,0.00035577844,77.25422739982605
28300,10001.0,0.17076272,1.0471724e-07,0.17128636,0.007931931,1.7076383,0.012519121,5.227025e-05,77.52217149734497
28400,10001.0,0.17076345,5.251968e-08,0.17102607,0.008073945,1.7076336,0.012516379,0.00022613346,77.7751054763794
28500,10001.0,0.17076606,8.668963e-08,0.17119955,0.008041744,1.7076528,0.012527704,0.0002126834,78.05889821052551
28600,10001.0,0.17076613,6.0225034e-09,0.17079625,0.007728606,1.707647,0.012524247,0.00039100827,78.34260106086731
28700,10001.0,0.17076533,4.5662826e-08,0.17099366,0.008202235,1.7076677,0.012536526,0.00032469913,78.62654948234558
28800,10001.0,0.17075919,1.1740496e-08,0.1708179,0.0076833908,1.7075831,0.012486339,0.00036793944,78.89504480361938
28900,10001.0,0.17076187,2.9672262e-10,0.17076336,0.008011433,1.7076235,0.0125103,0.00016364479,79.1638593673706
29000,10001.0,0.17076412,8.286634e-09,0.17080556,0.007876943,1.7076391,0.012519598,8.172473e-05,79.44939661026001
29100,10001.0,0.1707646,2.0099833e-10,0.1707656,0.007907533,1.7076485,0.012525201,1.37540865e-05,79.7337715625763
29200,10001.0,0.17077608,1.641186e-07,0.17159677,0.007662192,1.7077308,0.012573957,0.00058836566,80.00239062309265
29300,10001.0,0.17078753,6.9934555e-07,0.1742846,0.00799643,1.7078619,0.012651682,0.00037336114,80.25484561920166
29400,10001.0,0.17078625,7.9686515e-08,0.17118472,0.008022835,1.7078524,0.012646079,0.00026922315,80.50826096534729
29500,10001.0,0.170759,1.9066249e-08,0.17085434,0.007935577,1.7075824,0.012485981,7.421101e-05,80.79268407821655
29600,10001.0,0.17075817,9.584085e-09,0.1708061,0.007981869,1.7075815,0.012485504,6.53306e-05,81.07710409164429
29700,10001.0,0.17077556,1.9025036e-08,0.17087069,0.0077841543,1.7077509,0.012585878,0.00043276354,81.36107397079468
29800,10001.0,0.17078315,5.0750714e-08,0.17103693,0.008259321,1.7078629,0.012652278,0.00016576127,81.59889507293701
29900,10001.0,0.17077628,1.6969862e-08,0.17086114,0.008023125,1.7077569,0.012589455,0.00016636509,81.851487159729
30000,10001.0,0.1707832,1.08013694e-07,0.17132333,0.008045776,1.7077934,0.0126110315,7.854074e-05,82.13480043411255
30100,10001.0,0.17078124,1.8643107e-08,0.17087446,0.008135208,1.7078241,0.012629271,3.0555737e-05,82.37530136108398
30200,10001.0,0.17078541,1.3659018e-08,0.17085372,0.00818561,1.7078614,0.0126514435,0.00010528954,82.63883519172668
30300,10001.0,0.17078651,1.8903847e-09,0.17079596,0.0080737425,1.707871,0.012657046,5.814921e-05,82.92166638374329
30400,10001.0,0.17078553,1.7006867e-08,0.17087057,0.008334529,1.7078764,0.012660265,0.00039899076,83.20510363578796
30500,10001.0,0.17079334,4.8554824e-07,0.17322132,0.008254396,1.7079533,0.012705922,0.00019112561,83.47513151168823
30600,10001.0,0.17078777,1.1408986e-08,0.17084482,0.00808454,1.7078719,0.012657642,8.914687e-05,83.74144101142883
30700,10001.0,0.17078483,1.8501993e-07,0.17171003,0.00788327,1.7078487,0.012643814,0.00035592634,83.99436593055725
30800,10001.0,0.17078069,1.0134727e-08,0.17083137,0.008096645,1.7078146,0.012623668,0.00015660035,84.24617838859558
30900,10001.0,0.17078832,4.0129176e-09,0.17080839,0.008257194,1.7078837,0.012664676,0.00038895474,84.49935221672058
31000,10001.0,0.17078884,8.656462e-08,0.1712217,0.008060356,1.7078854,0.012665629,9.039963e-05,84.7519178390503
31100,10001.0,0.17078227,9.493363e-09,0.17082974,0.008095284,1.7078208,0.012627363,9.539276e-05,85.00477719306946
31200,10001.0,0.17079002,4.8038305e-07,0.17319217,0.008403871,1.7079095,0.0126799345,0.0005733508,85.28860068321228
31300,10001.0,0.17078541,6.1666015e-08,0.17109378,0.008232979,1.7078857,0.012665868,0.0003372079,85.55683207511902
31400,10001.0,0.17079936,9.979203e-08,0.17129837,0.0081542535,1.7079799,0.012721658,0.00034427774,85.84011626243591
31500,10001.0,0.17079334,9.301686e-09,0.17083985,0.007819672,1.7078879,0.01266706,0.00062059547,86.13927006721497
31600,10001.0,0.17078237,4.4702412e-07,0.17301771,0.008261137,1.707841,0.012639284,0.00030132374,86.40707874298096
31700,10001.0,0.17079015,6.607411e-08,0.17112055,0.0080976235,1.7078935,0.012670398,0.00016141009,86.67683959007263
31800,10001.0,0.17078315,2.8114601e-07,0.17218901,0.008195455,1.7078428,0.012640357,0.00020691985,86.92797994613647
31900,10001.0,0.17078578,9.261044e-08,0.17124888,0.00823799,1.7078614,0.0126514435,0.00031545796,87.18040299415588
32000,10001.0,0.17078702,4.0862062e-08,0.17099135,0.0080894865,1.7078781,0.012661338,0.00019770823,87.43266987800598
32100,10001.0,0.17079203,3.1875288e-08,0.17095143,0.008263835,1.707928,0.012690902,0.00024587754,87.68518376350403
32200,10001.0,0.17078786,1.17889655e-07,0.17137736,0.0083044795,1.7078958,0.012671709,0.000469436,87.94026803970337
32300,10001.0,0.1707879,3.16639e-07,0.17237125,0.00793083,1.7078643,0.012653112,0.0003446606,88.20811700820923
32400,10001.0,0.1707906,6.0908455e-08,0.17109518,0.008160815,1.7079084,0.012679219,0.00017125708,88.49173355102539
32500,10001.0,0.17078552,9.776733e-08,0.17127441,0.008177986,1.7078536,0.012646794,0.00043612355,88.76013231277466
32600,10001.0,0.17078461,1.9177772e-07,0.17174359,0.007989716,1.7078315,0.012633681,0.0003273341,89.04356241226196
32700,10001.0,0.17079328,6.575374e-08,0.17112207,0.008592151,1.7079295,0.012691736,0.0008429446,89.3109974861145
32800,10001.0,0.1707888,5.4052015e-07,0.17349167,0.0079267975,1.7078755,0.012659788,0.00034785926,89.59464025497437
32900,10001.0,0.17079206,5.742185e-08,0.1710792,0.008627147,1.7079269,0.0126901865,0.00087689987,89.84784364700317
33000,10001.0,0.1707899,4.1160316e-08,0.17099571,0.008041174,1.7078801,0.01266253,0.00020385011,90.11687064170837
33100,10001.0,0.17078729,5.1369176e-07,0.17335601,0.008296752,1.7078582,0.012649536,0.0006093197,90.40079355239868
33200,10001.0,0.17078558,1.7928419e-07,0.17168209,0.008101156,1.7078539,0.0126469135,0.00020169985,90.63748240470886
33300,10001.0,0.17079078,4.874209e-08,0.17103451,0.008208211,1.7079184,0.01268518,0.00017360605,90.89128422737122
33400,10001.0,0.1707868,2.2324257e-07,0.17190312,0.008016091,1.7078743,0.012659073,0.00024144599,91.14333462715149
33500,10001.0,0.17078416,3.117632e-07,0.17234313,0.007985997,1.7078345,0.012635469,0.00028430382,91.41120791435242
33600,10001.0,0.17078754,5.279639e-08,0.17105155,0.0081327595,1.7078679,0.012655258,0.00019555032,91.69444584846497
33700,10001.0,0.17078273,8.164539e-08,0.17119099,0.008048236,1.7078419,0.012639761,0.00023696997,91.9631142616272
33800,10001.0,0.17078014,1.8897396e-07,0.1717251,0.008060533,1.7078018,0.012616038,0.00039371676,92.21536087989807
33900,10001.0,0.17078494,3.5196805e-07,0.17254496,0.0083116675,1.7078472,0.01264298,0.00048220126,92.46671175956726
34000,10001.0,0.17078736,2.1658764e-08,0.17089567,0.008409368,1.7078637,0.012652755,0.0005803978,92.71984672546387
34100,10001.0,0.17078246,1.6358314e-07,0.17160046,0.007936059,1.7078168,0.012624979,0.0004983496,92.98817896842957
34200,10001.0,0.17078553,4.0471647e-07,0.17280932,0.008503646,1.707861,0.012651086,0.0006519353,93.24075269699097
34300,10001.0,0.17078511,9.304699e-08,0.1712504,0.008279578,1.7078528,0.0126463175,0.00016064123,93.49414134025574
34400,10001.0,0.1707878,3.7149448e-08,0.17097357,0.008525574,1.7078772,0.012660742,0.00064047804,93.73121619224548
34500,10001.0,0.17078872,4.3956427e-07,0.17298676,0.008331795,1.7078745,0.012659192,3.18813e-05,94.01529955863953
34600,10001.0,0.17078379,2.7741547e-07,0.172171,0.008084577,1.7078247,0.012629628,0.00037049357,94.26798486709595
34700,10001.0,0.17078616,8.755029e-08,0.17122395,0.008406549,1.7078781,0.012661338,0.00027174404,94.55108284950256
34800,10001.0,0.17078428,5.481581e-09,0.17081168,0.00820842,1.707839,0.012638092,0.00028960625,94.8346734046936
34900,10001.0,0.17078583,1.0486473e-09,0.17079107,0.008299043,1.7078581,0.012649417,3.615561e-05,95.08758282661438
35000,10001.0,0.17078488,2.3649704e-09,0.1707967,0.008292182,1.7078482,0.012643576,3.951496e-05,95.37989091873169
35100,10001.0,0.17078294,2.0620047e-07,0.17181404,0.008183657,1.7078315,0.012633681,0.00024176549,95.65389585494995
35200,10001.0,0.17078623,9.7184625e-09,0.17083482,0.008053287,1.7078596,0.012650371,0.0004106908,95.92192912101746
35300,10001.0,0.17078394,5.964921e-09,0.17081377,0.00828303,1.7078408,0.012639165,5.2245774e-05,96.20584559440613
35400,10001.0,0.17078206,6.447465e-09,0.1708143,0.008209122,1.7078185,0.012625933,0.00012392561,96.48910903930664
35500,10001.0,0.17078257,2.4297157e-07,0.17199755,0.008162303,1.7078205,0.012627125,0.00027054868,96.77965831756592
35600,10001.0,0.17078605,1.1068835e-08,0.1708414,0.008371369,1.7078663,0.0126543045,0.00016954562,97.05697321891785
35700,10001.0,0.17078094,4.98062e-09,0.17080584,0.008153237,1.7077969,0.012613177,0.0003029651,97.34061622619629
35800,10001.0,0.170783,6.1857e-08,0.17109232,0.008313149,1.7078418,0.012639761,0.00012396666,97.62486267089844
35900,10001.0,0.17078355,1.8001083e-07,0.1716837,0.008225092,1.7078549,0.01264751,9.59631e-05,97.89430093765259
36000,10001.0,0.17078261,1.1735124e-07,0.17136942,0.008191921,1.7078376,0.012637258,0.00010409504,98.18009829521179
36100,10001.0,0.1707825,1.1517159e-08,0.1708401,0.008163758,1.7078031,0.012616873,0.00014251369,98.44705271720886
36200,10001.0,0.1707817,2.0620062e-08,0.17088482,0.008130551,1.7078029,0.012616754,0.00022643151,98.69961738586426
36300,10001.0,0.17077821,2.904926e-09,0.17079274,0.008240473,1.7077812,0.012603879,0.00040704335,98.95164632797241
36400,10001.0,0.17078176,1.2619466e-08,0.17084487,0.008328205,1.7078241,0.012629271,0.00011464141,99.2197470664978
36500,10001.0,0.1707801,2.1165124e-07,0.17183846,0.008259377,1.7077998,0.012614846,4.159704e-05,99.5037031173706
36600,10001.0,0.17078088,1.6792965e-08,0.17086485,0.008087571,1.707803,0.012616754,0.00018901001,99.7885639667511
36700,10001.0,0.17078033,6.1200462e-09,0.17081094,0.0080867335,1.7078007,0.012615442,0.00022627016,100.07181978225708
36800,10001.0,0.17078121,1.9137813e-08,0.1708769,0.008182256,1.7078167,0.01262486,0.00014088761,100.35557293891907
36900,10001.0,0.17078443,8.024023e-08,0.17118567,0.008432664,1.7078379,0.012637496,0.0002161026,100.63870573043823
37000,10001.0,0.1707804,8.281916e-09,0.17082182,0.008248617,1.7078078,0.012619615,5.972659e-05,100.92255806922913
37100,10001.0,0.17077968,3.872628e-09,0.17079905,0.00829817,1.7077944,0.012611628,3.9793053e-05,101.19183945655823
37200,10001.0,0.17077963,3.4481218e-09,0.17079687,0.008274303,1.7077949,0.012611985,2.7722246e-05,101.47546815872192
37300,10001.0,0.17077944,7.469225e-10,0.17078318,0.00827585,1.7077928,0.012610674,2.5942745e-05,101.74473762512207
37400,10001.0,0.17077981,7.663914e-09,0.17081814,0.0082498705,1.7077959,0.012612581,8.673489e-05,102.02799773216248
37500,10001.0,0.17077951,7.569781e-09,0.17081736,0.008342198,1.707798,0.012613773,0.00012858874,102.2964813709259
37600,10001.0,0.17078018,9.02878e-09,0.17082533,0.008272154,1.7077994,0.012614608,7.057713e-05,102.54906034469604
37700,10001.0,0.17078002,5.243237e-09,0.17080624,0.0083280755,1.7078024,0.012616396,2.2472137e-05,102.80201601982117
37800,10001.0,0.17078106,2.1100277e-09,0.17079161,0.008392967,1.7078125,0.012622476,5.3117605e-05,103.0543782711029
37900,10001.0,0.17077993,9.709082e-09,0.17082848,0.008335569,1.7077969,0.012613177,7.2668786e-06,103.30772399902344
38000,10001.0,0.17078066,4.444246e-09,0.17080288,0.008332392,1.7078065,0.01261878,8.795674e-06,103.58293843269348
38100,10001.0,0.17078124,2.779018e-09,0.17079514,0.008447444,1.7078183,0.0126258135,7.8446596e-05,103.85874271392822
38200,10001.0,0.170781,8.006395e-10,0.17078501,0.008323286,1.7078068,0.012619019,3.080401e-05,104.14241123199463
38300,10001.0,0.17078148,3.9494805e-10,0.17078346,0.008336878,1.7078118,0.012621999,7.972312e-05,104.41069841384888
38400,10001.0,0.17078099,1.4210855e-10,0.1707817,0.008373545,1.7078108,0.012621403,1.0351321e-05,104.69485187530518
38500,10001.0,0.17078118,1.537046e-10,0.17078196,0.008373472,1.7078111,0.012621641,1.7836832e-05,104.9626407623291
38600,10001.0,0.17078178,3.824425e-10,0.17078368,0.008373697,1.7078184,0.012625933,1.1999349e-05,105.21574211120605
38700,10001.0,0.17078215,1.648459e-10,0.17078297,0.008378874,1.7078217,0.01262784,1.3797413e-05,105.46872186660767
38800,10001.0,0.17078237,1.8417268e-10,0.1707833,0.008383713,1.7078236,0.012629032,1.3571023e-05,105.72068738937378
38900,10001.0,0.17078285,1.864464e-10,0.17078379,0.008378903,1.7078276,0.012631297,1.2696769e-05,105.97360324859619
39000,10001.0,0.1707841,1.0390976e-10,0.17078462,0.008355983,1.7078393,0.012638211,3.136994e-05,106.21044063568115
39100,10001.0,0.17078452,1.0390976e-10,0.17078504,0.008420565,1.7078469,0.012642741,4.759303e-05,106.47841334342957
39200,10001.0,0.17078495,3.5697667e-10,0.17078674,0.008373004,1.7078488,0.012643933,2.3462133e-05,106.73095035552979
39300,10001.0,0.17078644,5.819061e-10,0.17078935,0.008363636,1.7078632,0.012652516,1.3300253e-05,106.9988112449646
39400,10001.0,0.17078674,3.349271e-09,0.17080349,0.00841687,1.7078646,0.012653351,3.935857e-05,107.28372979164124
39500,10001.0,0.17078564,8.735696e-10,0.17079,0.008404812,1.7078599,0.01265049,2.741399e-05,107.56745648384094
39600,10001.0,0.17078567,2.5912072e-09,0.17079863,0.008397685,1.7078528,0.0126463175,2.737664e-05,107.85248804092407
39700,10001.0,0.17077832,7.490427e-09,0.17081578,0.008403378,1.7077744,0.012599826,8.1120146e-05,108.1202917098999
39800,10001.0,0.17077585,8.1302e-08,0.1711824,0.008324217,1.7077569,0.012589455,5.4341133e-05,108.4054651260376
39900,10001.0,0.17077397,4.2166448e-08,0.17098482,0.008257985,1.7077341,0.012575865,0.00022512434,108.6735110282898
40000,10001.0,0.1707724,1.2980592e-08,0.17083731,0.008310734,1.7077297,0.012573361,0.00012008157,108.9575982093811
40100,10001.0,0.170772,1.3570855e-08,0.17083986,0.008242153,1.7077131,0.012563467,8.105951e-05,109.22606062889099
40200,10001.0,0.17077023,1.02756125e-07,0.17128406,0.008261466,1.7077081,0.012560487,8.223886e-05,109.49420309066772
40300,10001.0,0.17077261,1.0410264e-07,0.17129318,0.008327511,1.7077272,0.012571812,0.00015567546,109.74662756919861
40400,10001.0,0.17077015,3.3631407e-09,0.17078698,0.008241952,1.7077022,0.01255703,9.3248185e-05,109.99937200546265
40500,10001.0,0.17077103,4.4130957e-08,0.1709917,0.008186977,1.7077038,0.012557983,0.00011134147,110.25191235542297
40600,10001.0,0.17077379,3.6233867e-08,0.17095497,0.008242934,1.7077401,0.012579441,0.00011042255,110.52008843421936
40700,10001.0,0.17076965,4.42526e-10,0.17077187,0.0082694385,1.7077091,0.012561083,9.908608e-05,110.77259135246277
40800,10001.0,0.17076889,3.3298873e-09,0.17078553,0.00809464,1.7076802,0.012543917,0.00018585763,111.02640914916992
40900,10001.0,0.1707682,5.5445066e-09,0.17079593,0.0081438655,1.7076817,0.01254487,7.4457246e-05,111.2787926197052
41000,10001.0,0.17076896,2.3948873e-08,0.17088872,0.0081440555,1.7076895,0.01254952,0.00015875974,111.53107166290283
41100,10001.0,0.17076832,2.4126395e-08,0.17088896,0.008190657,1.7076837,0.0125460625,0.00010432086,111.7873764038086
41200,10001.0,0.1707681,1.115552e-09,0.17077367,0.008162622,1.7076803,0.012544036,3.3778113e-05,112.0373101234436
41300,10001.0,0.17076845,2.6767568e-08,0.17090231,0.008222829,1.7076833,0.012545824,0.00015859495,112.30644488334656
41400,10001.0,0.17076865,1.9520714e-08,0.17086627,0.008185021,1.7076867,0.012547731,2.8383829e-05,112.55885672569275
41500,10001.0,0.17076875,2.809088e-08,0.17090923,0.008176906,1.7076877,0.012548447,0.000153154,112.81155920028687
41600,10001.0,0.17076851,2.7411089e-08,0.17090559,0.008206375,1.7076852,0.012546897,2.0141784e-05,113.06432485580444
41700,10001.0,0.17076884,3.9131007e-10,0.1707708,0.008272645,1.7076886,0.0125489235,0.00026757712,113.31732821464539
41800,10001.0,0.17076878,7.272392e-08,0.17113245,0.008206251,1.7076851,0.012546897,2.0509542e-05,113.55500674247742
41900,10001.0,0.1707685,3.171635e-08,0.17092709,0.008209948,1.7076856,0.012547135,2.1002497e-05,113.82268166542053
42000,10001.0,0.17076841,2.5002064e-08,0.17089343,0.008231294,1.7076838,0.0125460625,0.00018227407,114.07528853416443
42100,10001.0,0.17076792,3.2834176e-08,0.1709321,0.008201246,1.7076805,0.012544155,2.7210026e-05,114.32776951789856
42200,10001.0,0.17076905,1.2876455e-08,0.17083344,0.008226852,1.7076899,0.012549639,0.000112760645,114.58958601951599
42300,10001.0,0.17076789,4.2900183e-08,0.1709824,0.008189968,1.70768,0.0125437975,0.00016000499,114.84828186035156
42400,10001.0,0.17077109,1.07568205e-07,0.171309,0.008442103,1.7077092,0.012561202,0.0003467367,115.13191938400269
42500,10001.0,0.17076842,3.281212e-08,0.1709325,0.008162075,1.7076831,0.012545705,0.00017479269,115.41602206230164
42600,10001.0,0.17076738,4.2186514e-08,0.17097834,0.008146555,1.7076744,0.01254046,0.00020289644,115.69127893447876
42700,10001.0,0.17076844,2.9257816e-08,0.17091474,0.008208027,1.7076851,0.012546897,0.00012264753,115.96787142753601
42800,10001.0,0.17076848,2.9654304e-08,0.17091677,0.008209496,1.7076858,0.012547255,0.00012297314,116.25204610824585
42900,10001.0,0.1707685,1.4691977e-08,0.17084196,0.008267545,1.7076852,0.012546897,0.00022290544,116.53923010826111
43000,10001.0,0.1707687,5.972833e-08,0.17106737,0.0082400525,1.707683,0.012545586,3.3463642e-05,116.82304954528809
43100,10001.0,0.17076893,5.949755e-08,0.17106645,0.008309382,1.7076888,0.012549043,0.00024054627,117.07545566558838
43200,10001.0,0.17076892,6.8778263e-09,0.17080331,0.0082660895,1.7076883,0.012548804,9.049861e-05,117.32764720916748
43300,10001.0,0.17076907,6.5165295e-09,0.17080165,0.008331866,1.7076917,0.012550712,0.00024278926,117.5925965309143
43400,10001.0,0.1707688,5.5815292e-08,0.1710479,0.00831004,1.7076892,0.012549281,0.00023705138,117.8392686843872
43500,10001.0,0.17076878,1.2280225e-08,0.17083019,0.008254819,1.7076874,0.012548208,0.0001103484,118.10707187652588
43600,10001.0,0.17076871,5.1400657e-09,0.17079441,0.0082784,1.707687,0.01254797,7.136167e-05,118.3908212184906
43700,10001.0,0.17076866,5.571621e-09,0.17079653,0.008237503,1.7076832,0.012545705,0.00014537982,118.64340209960938
43800,10001.0,0.17076884,5.625816e-08,0.17105016,0.008265807,1.7076881,0.012548685,0.00011419926,118.89613962173462
43900,10001.0,0.17076887,5.3441913e-09,0.17079559,0.008261122,1.7076879,0.012548447,0.000120284,119.17964720726013
44000,10001.0,0.17076842,1.9827269e-08,0.17086758,0.008281247,1.7076839,0.012546182,6.415188e-05,119.44866013526917
44100,10001.0,0.17076854,4.4012727e-09,0.17079055,0.0082971025,1.7076856,0.012547135,6.634209e-05,119.7322187423706
44200,10001.0,0.17076837,5.43082e-08,0.17103994,0.008332583,1.7076837,0.0125460625,8.213234e-05,120.01601672172546
44300,10001.0,0.17076918,9.5053565e-09,0.17081672,0.0082999505,1.7076899,0.012549639,9.29175e-05,120.26798152923584
44400,10001.0,0.17076878,1.3265493e-08,0.17083512,0.00832216,1.7076876,0.012548327,7.345304e-05,120.52053260803223
44500,10001.0,0.1707681,4.363585e-09,0.17078991,0.008279397,1.7076808,0.012544274,0.00012552505,120.77333807945251
44600,10001.0,0.17076848,1.31269635e-08,0.17083412,0.008354627,1.7076846,0.012546539,0.00012873388,121.04168701171875
44700,10001.0,0.17076862,1.2232704e-08,0.17082979,0.008319975,1.7076858,0.012547255,0.00010146356,121.32525086402893
44800,10001.0,0.17076766,8.615672e-08,0.17119849,0.008295051,1.7076714,0.012538791,9.96236e-05,121.60840249061584
44900,10001.0,0.17076908,9.0036e-09,0.1708141,0.0083533,1.7076904,0.012549996,0.00011746561,121.89446783065796
45000,10001.0,0.1707687,8.5827025e-08,0.17119788,0.008301288,1.7076839,0.012546182,0.00012699007,122.1449077129364
45100,10001.0,0.17076813,1.7384139e-08,0.17085506,0.008338424,1.7076817,0.01254487,0.00011187396,122.39793539047241
45200,10001.0,0.17076874,1.7719513e-08,0.17085734,0.00829839,1.7076886,0.0125489235,0.0001280492,122.666424036026
45300,10001.0,0.17076997,1.6345435e-08,0.17085171,0.008244747,1.7076991,0.012555122,0.00014528516,122.95064496994019
45400,10001.0,0.17076886,6.3964762e-09,0.17080085,0.0083432775,1.707691,0.012550354,4.6494068e-05,123.23494029045105
45500,10001.0,0.1707684,8.486722e-09,0.17081083,0.008324635,1.7076834,0.012545824,8.0906495e-05,123.51873445510864
45600,10001.0,0.17076908,2.0739321e-09,0.17077945,0.0083298925,1.7076904,0.012549996,7.957611e-05,123.77131009101868
45700,10001.0,0.17076948,3.761994e-08,0.1709576,0.008389449,1.7076954,0.012552977,0.00013096018,124.02442955970764
45800,10001.0,0.17076856,3.5514404e-08,0.17094615,0.008366787,1.7076843,0.01254642,0.00018239582,124.2779324054718
45900,10001.0,0.17076957,7.2078024e-09,0.17080562,0.0083114,1.7076948,0.012552619,0.00012112226,124.53143095970154
46000,10001.0,0.17076884,6.141363e-10,0.17077191,0.008373057,1.7076873,0.012548089,0.00018286768,124.79992413520813
46100,10001.0,0.1707695,1.9886668e-09,0.17077944,0.008362137,1.7076943,0.012552261,4.459447e-05,125.08366322517395
46200,10001.0,0.17076935,2.189381e-09,0.1707803,0.008350598,1.7076919,0.01255095,7.942631e-05,125.35178232192993
46300,10001.0,0.17076923,2.3651976e-09,0.17078106,0.008379641,1.7076902,0.012549877,4.5660116e-05,125.60483288764954
46400,10001.0,0.17076881,9.93856e-09,0.17081851,0.008301388,1.7076888,0.012549043,0.0001442391,125.87299156188965
46500,10001.0,0.17076905,7.0615442e-09,0.17080437,0.008320828,1.7076913,0.012550592,0.00010166924,126.12585377693176
46600,10001.0,0.17076916,6.6766574e-09,0.17080255,0.008397534,1.707691,0.012550354,5.173903e-05,126.37818241119385
46700,10001.0,0.1707694,6.9911152e-09,0.17080435,0.0083913235,1.7076951,0.012552857,5.4809832e-05,126.63074111938477
46800,10001.0,0.17077003,6.6202688e-09,0.17080314,0.008400786,1.7077007,0.012556076,5.1101728e-05,126.89896821975708
46900,10001.0,0.17076884,1.4333634e-09,0.17077601,0.008427718,1.7076901,0.012549877,0.00019679284,127.15197896957397
47000,10001.0,0.17076811,1.7680804e-08,0.17085652,0.008344493,1.7076836,0.012545943,0.0001064127,127.4204478263855
47100,10001.0,0.17076984,4.7232898e-09,0.17079346,0.008349482,1.7076972,0.0125540495,6.542972e-05,127.68998289108276
47200,10001.0,0.17076902,2.194838e-09,0.17078,0.008357408,1.707691,0.012550354,4.6849098e-05,127.96699619293213
47300,10001.0,0.17076868,1.1738678e-08,0.17082737,0.00835749,1.7076873,0.012548089,4.6312158e-05,128.23499965667725
47400,10001.0,0.17076835,3.3310243e-09,0.17078501,0.008362165,1.7076832,0.012545705,5.4638964e-05,128.51837587356567
47500,10001.0,0.17076932,6.636127e-09,0.1708025,0.008367739,1.7076961,0.012553334,6.0945684e-05,128.78606152534485
47600,10001.0,0.17076889,2.5452211e-09,0.17078161,0.008371089,1.7076894,0.0125494,5.8989688e-05,129.05476117134094
47700,10001.0,0.1707686,1.3386227e-08,0.17083554,0.008404489,1.7076906,0.012550116,6.469715e-05,129.33842301368713
47800,10001.0,0.17076942,4.8316906e-12,0.17076945,0.00833976,1.7076949,0.012552619,8.936722e-06,129.60659551620483
47900,10001.0,0.17076854,2.6139446e-09,0.17078161,0.00835767,1.7076858,0.012547255,2.6026966e-05,129.85936832427979
48000,10001.0,0.17076893,2.603258e-09,0.17078196,0.008330834,1.707689,0.012549162,5.43678e-05,130.11213850975037
48100,10001.0,0.17077026,8.412144e-09,0.17081232,0.008346778,1.7077006,0.012556076,1.1523291e-05,130.36507606506348
48200,10001.0,0.17076941,3.134573e-08,0.17092615,0.0083568115,1.7076957,0.012553215,1.5809506e-05,130.63304138183594
48300,10001.0,0.17076881,1.9028903e-09,0.17077833,0.008319534,1.7076877,0.012548447,0.00012119475,130.8858940601349
48400,10001.0,0.1707689,1.36199665e-08,0.17083701,0.0083896415,1.707689,0.012549162,0.000115474366,131.1545341014862
48500,10001.0,0.1707685,3.0279807e-08,0.17091991,0.008367261,1.7076875,0.012548327,2.5196909e-05,131.43826866149902
48600,10001.0,0.17076953,1.4779289e-11,0.1707696,0.0083852075,1.7076969,0.012553811,0.00011428683,131.70623064041138
48700,10001.0,0.1707702,8.8448346e-11,0.17077065,0.008334823,1.7077003,0.012555838,8.59432e-05,132.0061013698578
48800,10001.0,0.17077337,2.734447e-08,0.1709101,0.008297322,1.7077341,0.012575865,0.00016843357,132.2588918209076
48900,10001.0,0.17077556,2.7569058e-09,0.17078935,0.008353695,1.7077572,0.012589574,0.00016140233,132.51150345802307
49000,10001.0,0.17077634,3.130623e-08,0.17093289,0.008369805,1.7077622,0.012592554,0.00017034118,132.79489088058472
49100,10001.0,0.17077556,5.784443e-09,0.17080449,0.008298084,1.7077583,0.012590289,6.396953e-05,133.07970023155212
49200,10001.0,0.170775,6.854236e-09,0.17080927,0.008303252,1.7077502,0.012585521,8.193972e-05,133.33247804641724
49300,10001.0,0.1707761,2.8052057e-08,0.17091638,0.008358662,1.707761,0.012591839,5.903785e-05,133.58509826660156
49400,10001.0,0.17077543,1.2664714e-09,0.17078176,0.0083073955,1.7077508,0.012585759,8.244768e-05,133.8693561553955
49500,10001.0,0.17077485,1.8019364e-08,0.17086495,0.008319413,1.7077475,0.012583852,5.3407886e-05,134.13744401931763
49600,10001.0,0.17077558,4.11984e-09,0.17079619,0.008362532,1.7077575,0.012589812,5.6790184e-05,134.42208766937256
49700,10001.0,0.17077439,1.4267982e-08,0.17084573,0.008318659,1.707743,0.012581229,0.00011323652,134.70557928085327
49800,10001.0,0.1707757,5.0900435e-09,0.17080115,0.008277774,1.7077554,0.01258862,0.00011989871,134.9881021976471
49900,10001.0,0.17077497,1.4210855e-08,0.17084603,0.008329998,1.7077516,0.012586355,7.9939935e-05,135.27243614196777
50000,10001.0,0.17077468,8.264124e-09,0.170816,0.008329274,1.707746,0.012583017,5.0863684e-05,135.55680203437805
